  30.6  7     -0.26  0.000 20      0.22  0.000 29      0.16  0.000 11     -0.02  0.000 
  36.0  7     -0.26  0.000 20      0.12  0.000  1      0.22  0.000 25     -0.12  0.000 29     -0.04  0.000 11      0.20  0.000 
  43.2  7     -0.24  0.000 20      0.12  0.000  1      0.22  0.000 25     -0.12  0.000 29     -0.04  0.000 11      0.20  0.000 
  49.8  7     -0.24  0.000 20      0.12  0.000  1      0.22  0.000 25     -0.12  0.000 29     -0.04  0.000 11      0.20  0.000 
  67.8  7     -0.24  0.000 20      0.12  0.000  1      0.22  0.000 25     -0.10  0.000 29     -0.04  0.000 11      0.20  0.000 
  74.4  7     -0.24  0.000 20      0.10  0.000  1      0.22  0.000 25     -0.10  0.000 29     -0.04  0.000 11      0.18  0.000 
2497.2  7     -0.08  0.000 20     -0.68  0.000  1     -0.16  0.000 25      0.06  0.000 11      0.12  0.000 
2503.8  7     -0.08  0.000 20     -0.68  0.000  1     -0.16  0.000 25      0.06  0.000 11      0.12  0.000 
2509.8  7     -0.08  0.000 20     -0.68  0.000  1     -0.16  0.000 25      0.06  0.000 11      0.12  0.000 
2516.4  7     -0.08  0.000 20     -0.68  0.000  1     -0.16  0.000 25      0.06  0.000 11      0.12  0.000 
2523.0  7     -0.08  0.000 20     -0.68  0.000  1     -0.16  0.000 25      0.06  0.000 11      0.12  0.000 
  31.2  7      0.22  0.000 20     -0.72  0.000  1     -0.10  0.000 25      0.12  0.000 
  36.6  7      0.22  0.000 20      0.02  0.000  1     -0.06  0.000  4     -0.04  0.000 25     -0.04  0.000 13      0.14  0.000 19     -0.08  0.000 
  45.0  7      0.22  0.000 20      0.02  0.000  1     -0.06  0.000  4     -0.04  0.000 25     -0.04  0.000 13      0.12  0.000 19     -0.08  0.000 
  53.4  7      0.22  0.000 20      0.02  0.000  1     -0.04  0.000  4     -0.04  0.000 25     -0.04  0.000 13      0.12  0.000 19     -0.08  0.000 
  70.8  7      0.22  0.000 20      0.02  0.000  1     -0.04  0.000  4     -0.04  0.000 25     -0.06  0.000 13      0.12  0.000 19     -0.10  0.000 
  79.2  7      0.22  0.000 20      0.02  0.000  1     -0.04  0.000  4     -0.04  0.000 25     -0.06  0.000 13      0.12  0.000 19     -0.10  0.000 
1903.2 22      0.14  0.000 20      0.16  0.000  1      0.22  0.000  4     -0.16  0.000 25     -0.16  0.000 13     -0.20  0.000 19     -0.18  0.000 
1911.6 22      0.14  0.000 20      0.16  0.000  1      0.22  0.000  4     -0.16  0.000 25     -0.16  0.000 13     -0.20  0.000 19     -0.18  0.000 
1920.0 22      0.14  0.000 20      0.16  0.000  1      0.22  0.000  4     -0.18  0.000 25     -0.16  0.000 13     -0.20  0.000 19     -0.18  0.000 
1928.4 22      0.14  0.000 20      0.16  0.000  1      0.22  0.000  4     -0.18  0.000 25     -0.16  0.000 13     -0.20  0.000 19     -0.18  0.000 
1946.4 22      0.14  0.000 20      0.16  0.000  1      0.22  0.000  4     -0.18  0.000 25     -0.16  0.000 13     -0.20  0.000 19     -0.18  0.000 
  36.0 28      0.10  0.000 22     -0.08  0.000  1      0.18  0.000  4      0.06  0.000  8     -0.10  0.000 13     -0.02  0.000 19     -0.20  0.000 27     -0.10  0.000 
  45.6 28      0.10  0.000 22     -0.08  0.000  1      0.18  0.000  4      0.06  0.000  8     -0.10  0.000 13     -0.02  0.000 19     -0.20  0.000 27     -0.10  0.000 
  58.8 28      0.10  0.000 22     -0.08  0.000  1      0.18  0.000  4      0.06  0.000  8     -0.10  0.000 13      0.00  0.000 19     -0.20  0.000 27     -0.10  0.000 
  77.4 28      0.08  0.000 22     -0.10  0.000  1      0.18  0.000  4      0.06  0.000  8     -0.10  0.000 13      0.00  0.000 19     -0.18  0.000 27     -0.10  0.000 
  87.0 28      0.08  0.000 22     -0.10  0.000  1      0.18  0.000  4      0.06  0.000  8     -0.10  0.000 13      0.00  0.000 19     -0.18  0.000 27     -0.10  0.000 
  33.0 28      0.02  0.000 26     -0.08  0.000 10     -0.12  0.000  2      0.14  0.000  8      0.08  0.000 17     -0.04  0.000 13      0.28  0.000 19     -0.02  0.000 27      0.02  0.000 
  43.2 28      0.02  0.000 26     -0.08  0.000 10     -0.12  0.000  2      0.14  0.000  8      0.08  0.000 17     -0.02  0.000 13      0.00  0.000 19     -0.08  0.000 27      0.00  0.000 
  52.8 28      0.02  0.000 26     -0.08  0.000 10     -0.12  0.000  2      0.14  0.000  8      0.08  0.000 17     -0.02  0.000 13     -0.02  0.000 19     -0.08  0.000 27      0.00  0.000 
