  63.0  3427985.87   603660.69  5326788.89 
 123.6  3427985.87   603660.69  5326788.89 
 183.6  3427985.87   603660.69  5326788.89 
 243.6  3427985.87   603660.69  5326788.89 
 303.6  3427985.87   603660.69  5326788.89 
 363.6  3427985.87   603660.69  5326788.89 
 423.6  3427985.87   603660.69  5326788.89 
 483.6  3427985.87   603660.69  5326788.89 
 543.6  3427985.87   603660.69  5326788.89 
 603.6  3427985.87   603660.69  5326788.89 
 663.6  3427985.87   603660.69  5326788.89 
 723.6  3427985.87   603660.69  5326788.89 
 783.6  3427985.87   603660.69  5326788.89 
 843.6  3427985.87   603660.69  5326788.89 
 903.6  3427985.87   603660.69  5326788.89 
 963.6  3427985.87   603660.69  5326788.89 
1023.6  3427985.87   603660.69  5326788.89 
1083.6  3427985.87   603660.69  5326788.89 
1143.6  3427985.87   603660.69  5326788.89 
1203.6  3427985.87   603660.69  5326788.89 
1263.6  3427985.87   603660.69  5326788.89 
1323.6  3427985.87   603660.69  5326788.89 
1383.6  3427985.87   603660.69  5326788.89 
1443.6  3427985.87   603660.69  5326788.89 
1503.6  3427985.87   603660.69  5326788.89 
1563.6  3427985.87   603660.69  5326788.89 
1623.6  3427985.87   603660.69  5326788.89 
1683.6  3427985.87   603660.69  5326788.89 
1743.6  3427985.87   603660.69  5326788.89 
1804.8  3427985.87   603660.69  5326788.89 
1866.0  3427985.87   603660.69  5326788.89 
1926.0  3427985.87   603660.69  5326788.89 
1986.0  3427985.87   603660.69  5326788.89 
2046.0  3427985.87   603660.69  5326788.89 
2106.0  3427985.87   603660.69  5326788.89 
2166.0  3427985.87   603660.69  5326788.89 
2226.0  3427985.87   603660.69  5326788.89 
2286.0  3427985.87   603660.69  5326788.89 
2346.0  3427985.87   603660.69  5326788.89 
2406.0  3427985.87   603660.69  5326788.89 
2466.0  3427985.87   603660.69  5326788.89 
2535.6  3427985.87   603660.69  5326788.89 
2595.6  3427985.87   603660.69  5326788.89 
2655.6  3427985.87   603660.69  5326788.89 
2715.6  3427985.87   603660.69  5326788.89 
2775.6  3427985.87   603660.69  5326788.89 
2835.6  3427985.87   603660.69  5326788.89 
2895.6  3427985.87   603660.69  5326788.89 
2955.6  3427985.87   603660.69  5326788.89 
3015.6  3427985.87   603660.69  5326788.89 
3075.6  3427985.87   603660.69  5326788.89 
3135.6  3427985.87   603660.69  5326788.89 
3195.6  3427985.87   603660.69  5326788.89 
3255.6  3427985.87   603660.69  5326788.89 
3315.6  3427985.87   603660.69  5326788.89 
3375.6  3427985.87   603660.69  5326788.89 
3435.6  3427985.87   603660.69  5326788.89 
3495.6  3427985.87   603660.69  5326788.89 
3555.6  3427985.87   603660.69  5326788.89 
  15.6  3427985.87   603660.69  5326788.89 
  75.6  3427985.87   603660.69  5326788.89 
 135.6  3427985.87   603660.69  5326788.89 
 195.6  3427985.87   603660.69  5326788.89 
 255.6  3427985.87   603660.69  5326788.89 
 315.6  3427985.87   603660.69  5326788.89 
 375.6  3427985.87   603660.69  5326788.89 
 435.6  3427985.87   603660.69  5326788.89 
 495.6  3427985.87   603660.69  5326788.89 
 556.8  3427985.87   603660.69  5326788.89 
 618.0  3427985.87   603660.69  5326788.89 
 678.6  3427985.87   603660.69  5326788.89 
 739.8  3427985.87   603660.69  5326788.89 
 801.0  3427985.87   603660.69  5326788.89 
 862.8  3427985.87   603660.69  5326788.89 
 924.0  3427985.87   603660.69  5326788.89 
 984.0  3427985.87   603660.69  5326788.89 
1044.0  3427985.87   603660.69  5326788.89 
1104.0  3427985.87   603660.69  5326788.89 
1164.0  3427985.87   603660.69  5326788.89 
1224.0  3427985.87   603660.69  5326788.89 
1284.0  3427985.87   603660.69  5326788.89 
1344.0  3427985.87   603660.69  5326788.89 
1404.0  3427985.87   603660.69  5326788.89 
1464.0  3427985.87   603660.69  5326788.89 
1524.0  3427985.87   603660.69  5326788.89 
1584.0  3427985.87   603660.69  5326788.89 
1644.0  3427985.87   603660.69  5326788.89 
1704.0  3427985.87   603660.69  5326788.89 
1764.0  3427985.87   603660.69  5326788.89 
1824.0  3427985.87   603660.69  5326788.89 
1884.0  3427985.87   603660.69  5326788.89 
1944.0  3427985.87   603660.69  5326788.89 
2004.0  3427985.87   603660.69  5326788.89 
2064.0  3427985.87   603660.69  5326788.89 
2124.0  3427985.87   603660.69  5326788.89 
2184.0  3427985.87   603660.69  5326788.89 
2244.0  3427985.87   603660.69  5326788.89 
2304.0  3427985.87   603660.69  5326788.89 
2364.6  3427985.87   603660.69  5326788.89 
2424.6  3427985.87   603660.69  5326788.89 
2484.6  3427985.87   603660.69  5326788.89 
2544.6  3427985.87   603660.69  5326788.89 
2605.8  3427985.87   603660.69  5326788.89 
2665.8  3427985.87   603660.69  5326788.89 
2727.0  3427985.87   603660.69  5326788.89 
2787.0  3427985.87   603660.69  5326788.89 
2847.0  3427985.87   603660.69  5326788.89 
2907.0  3427985.87   603660.69  5326788.89 
2967.0  3427985.87   603660.69  5326788.89 
3027.0  3427985.87   603660.69  5326788.89 
3087.0  3427985.87   603660.69  5326788.89 
3147.0  3427985.87   603660.69  5326788.89 
3207.0  3427985.87   603660.69  5326788.89 
3267.0  3427985.87   603660.69  5326788.89 
3327.0  3427985.87   603660.69  5326788.89 
3387.0  3427985.87   603660.69  5326788.89 
3447.0  3427985.87   603660.69  5326788.89 
3507.0  3427985.87   603660.69  5326788.89 
3567.0  3427985.87   603660.69  5326788.89 
  27.0  3427985.87   603660.69  5326788.89 
  87.0  3427985.87   603660.69  5326788.89 
 147.0  3427985.87   603660.69  5326788.89 
 207.0  3427985.87   603660.69  5326788.89 
 267.0  3427985.87   603660.69  5326788.89 
 327.0  3427985.87   603660.69  5326788.89 
 387.0  3427985.87   603660.69  5326788.89 
 447.0  3427985.87   603660.69  5326788.89 
 507.0  3427985.87   603660.69  5326788.89 
 567.0  3427985.87   603660.69  5326788.89 
 627.0  3427985.87   603660.69  5326788.89 
 687.0  3427985.87   603660.69  5326788.89 
 747.0  3427985.87   603660.69  5326788.89 
 807.0  3427985.87   603660.69  5326788.89 
 867.0  3427985.87   603660.69  5326788.89 
 927.0  3427985.87   603660.69  5326788.89 
 987.0  3427985.87   603660.69  5326788.89 
1047.0  3427985.87   603660.69  5326788.89 
1107.0  3427985.87   603660.69  5326788.89 
1167.0  3427985.87   603660.69  5326788.89 
1227.0  3427985.87   603660.69  5326788.89 
1287.0  3427985.87   603660.69  5326788.89 
1347.0  3427985.87   603660.69  5326788.89 
1407.6  3427985.87   603660.69  5326788.89 
1467.6  3427985.87   603660.69  5326788.89 
1528.8  3427985.87   603660.69  5326788.89 
1588.8  3427985.87   603660.69  5326788.89 
1648.8  3427985.87   603660.69  5326788.89 
1708.8  3427985.87   603660.69  5326788.89 
1768.8  3427985.87   603660.69  5326788.89 
1828.8  3427985.87   603660.69  5326788.89 
1888.8  3427985.87   603660.69  5326788.89 
1953.6  3427985.87   603660.69  5326788.89 
2013.6  3427985.87   603660.69  5326788.89 
2073.6  3427985.87   603660.69  5326788.89 
2133.6  3427985.87   603660.69  5326788.89 
2193.6  3427985.87   603660.69  5326788.89 
2253.6  3427985.87   603660.69  5326788.89 
2313.6  3427985.87   603660.69  5326788.89 
2373.6  3427985.87   603660.69  5326788.89 
2433.6  3427985.87   603660.69  5326788.89 
2493.6  3427985.87   603660.69  5326788.89 
2554.8  3427985.87   603660.69  5326788.89 
2614.8  3427985.87   603660.69  5326788.89 
2674.8  3427985.87   603660.69  5326788.89 
2734.8  3427985.87   603660.69  5326788.89 
2794.8  3427985.87   603660.69  5326788.89 
2854.8  3427985.87   603660.69  5326788.89 
2914.8  3427985.87   603660.69  5326788.89 
2974.8  3427985.87   603660.69  5326788.89 
3034.8  3427985.87   603660.69  5326788.89 
3094.8  3427985.87   603660.69  5326788.89 
3154.8  3427985.87   603660.69  5326788.89 
3214.8  3427985.87   603660.69  5326788.89 
3274.8  3427985.87   603660.69  5326788.89 
3334.8  3427985.87   603660.69  5326788.89 
3394.8  3427985.87   603660.69  5326788.89 
3454.8  3427985.87   603660.69  5326788.89 
3514.8  3427985.87   603660.69  5326788.89 
3574.8  3427985.87   603660.69  5326788.89 
  34.8  3427985.87   603660.69  5326788.89 
  94.8  3427985.87   603660.69  5326788.89 
 154.8  3427985.87   603660.69  5326788.89 
 214.8  3427985.87   603660.69  5326788.89 
 274.8  3427985.87   603660.69  5326788.89 
 334.8  3427985.87   603660.69  5326788.89 
 394.8  3427985.87   603660.69  5326788.89 
 454.8  3427985.87   603660.69  5326788.89 
 514.8  3427985.87   603660.69  5326788.89 
 574.8  3427985.87   603660.69  5326788.89 
 634.8  3427985.87   603660.69  5326788.89 
 694.8  3427985.87   603660.69  5326788.89 
 754.8  3427985.87   603660.69  5326788.89 
 814.8  3427985.87   603660.69  5326788.89 
 874.8  3427985.87   603660.69  5326788.89 
 936.0  3427985.87   603660.69  5326788.89 
 996.0  3427985.87   603660.69  5326788.89 
1056.0  3427985.87   603660.69  5326788.89 
1116.0  3427985.87   603660.69  5326788.89 
1176.0  3427985.87   603660.69  5326788.89 
1236.0  3427985.87   603660.69  5326788.89 
1296.0  3427985.87   603660.69  5326788.89 
1356.0  3427985.87   603660.69  5326788.89 
1416.0  3427985.87   603660.69  5326788.89 
1476.0  3427985.87   603660.69  5326788.89 
1536.0  3427985.87   603660.69  5326788.89 
1596.0  3427985.87   603660.69  5326788.89 
1656.0  3427985.87   603660.69  5326788.89 
1716.0  3427985.87   603660.69  5326788.89 
1776.0  3427985.87   603660.69  5326788.89 
1836.0  3427985.87   603660.69  5326788.89 
1896.0  3427985.87   603660.69  5326788.89 
1956.0  3427985.87   603660.69  5326788.89 
2016.0  3427985.87   603660.69  5326788.89 
2076.0  3427985.87   603660.69  5326788.89 
2136.0  3427985.87   603660.69  5326788.89 
2196.0  3427985.87   603660.69  5326788.89 
2256.0  3427985.87   603660.69  5326788.89 
2316.0  3427985.87   603660.69  5326788.89 
2376.0  3427985.87   603660.69  5326788.89 
2436.0  3427985.87   603660.69  5326788.89 
2496.0  3427985.87   603660.69  5326788.89 
2556.0  3427985.87   603660.69  5326788.89 
2616.0  3427985.87   603660.69  5326788.89 
2676.0  3427985.87   603660.69  5326788.89 
2736.0  3427985.87   603660.69  5326788.89 
2796.0  3427985.87   603660.69  5326788.89 
2856.0  3427985.87   603660.69  5326788.89 
2916.0  3427985.87   603660.69  5326788.89 
2976.0  3427985.87   603660.69  5326788.89 
3036.6  3427985.87   603660.69  5326788.89 
3096.6  3427985.87   603660.69  5326788.89 
3156.6  3427985.87   603660.69  5326788.89 
3216.6  3427985.87   603660.69  5326788.89 
3276.6  3427985.87   603660.69  5326788.89 
3336.6  3427985.87   603660.69  5326788.89 
3396.6  3427985.87   603660.69  5326788.89 
3456.6  3427985.87   603660.69  5326788.89 
3516.6  3427985.87   603660.69  5326788.89 
3576.6  3427985.87   603660.69  5326788.89 
  54.0  3427985.87   603660.69  5326788.89 
 114.0  3427985.87   603660.69  5326788.89 
 174.0  3427985.87   603660.69  5326788.89 
 234.0  3427985.87   603660.69  5326788.89 
 294.0  3427985.87   603660.69  5326788.89 
 354.0  3427985.87   603660.69  5326788.89 
 414.0  3427985.87   603660.69  5326788.89 
 474.0  3427985.87   603660.69  5326788.89 
 534.0  3427985.87   603660.69  5326788.89 
 594.0  3427985.87   603660.69  5326788.89 
 654.0  3427985.87   603660.69  5326788.89 
 714.0  3427985.87   603660.69  5326788.89 
 774.0  3427985.87   603660.69  5326788.89 
 834.0  3427985.87   603660.69  5326788.89 
 894.0  3427985.87   603660.69  5326788.89 
 954.0  3427985.87   603660.69  5326788.89 
1014.0  3427985.87   603660.69  5326788.89 
1074.0  3427985.87   603660.69  5326788.89 
1134.0  3427985.87   603660.69  5326788.89 
1194.0  3427985.87   603660.69  5326788.89 
1254.0  3427985.87   603660.69  5326788.89 
1314.0  3427985.87   603660.69  5326788.89 
1374.0  3427985.87   603660.69  5326788.89 
1434.0  3427985.87   603660.69  5326788.89 
1494.0  3427985.87   603660.69  5326788.89 
1554.0  3427985.87   603660.69  5326788.89 
1614.0  3427985.87   603660.69  5326788.89 
1674.0  3427985.87   603660.69  5326788.89 
1734.0  3427985.87   603660.69  5326788.89 
1794.0  3427985.87   603660.69  5326788.89 
1854.0  3427985.87   603660.69  5326788.89 
1914.0  3427985.87   603660.69  5326788.89 
1974.0  3427985.87   603660.69  5326788.89 
2034.0  3427985.87   603660.69  5326788.89 
2094.0  3427985.87   603660.69  5326788.89 
2154.0  3427985.87   603660.69  5326788.89 
2214.0  3427985.87   603660.69  5326788.89 
2274.0  3427985.87   603660.69  5326788.89 
2334.0  3427985.87   603660.69  5326788.89 
2394.0  3427985.87   603660.69  5326788.89 
2454.0  3427985.87   603660.69  5326788.89 
2514.0  3427985.87   603660.69  5326788.89 
2574.0  3427985.87   603660.69  5326788.89 
2634.0  3427985.87   603660.69  5326788.89 
2694.0  3427985.87   603660.69  5326788.89 
2754.0  3427985.87   603660.69  5326788.89 
2814.0  3427985.87   603660.69  5326788.89 
2874.0  3427985.87   603660.69  5326788.89 
2934.0  3427985.87   603660.69  5326788.89 
2994.0  3427985.87   603660.69  5326788.89 
3054.0  3427985.87   603660.69  5326788.89 
3114.0  3427985.87   603660.69  5326788.89 
3174.0  3427985.87   603660.69  5326788.89 
3234.0  3427985.87   603660.69  5326788.89 
3294.0  3427985.87   603660.69  5326788.89 
3354.0  3427985.87   603660.69  5326788.89 
3414.0  3427985.87   603660.69  5326788.89 
3474.0  3427985.87   603660.69  5326788.89 
3534.6  3427985.87   603660.69  5326788.89 
3594.6  3427985.87   603660.69  5326788.89 
  54.6  3427985.87   603660.69  5326788.89 
 114.6  3427985.87   603660.69  5326788.89 
 174.6  3427985.87   603660.69  5326788.89 
 234.6  3427985.87   603660.69  5326788.89 
 294.6  3427985.87   603660.69  5326788.89 
 354.6  3427985.87   603660.69  5326788.89 
 414.6  3427985.87   603660.69  5326788.89 
 474.6  3427985.87   603660.69  5326788.89 
 534.6  3427985.87   603660.69  5326788.89 
 594.6  3427985.87   603660.69  5326788.89 
 654.6  3427985.87   603660.69  5326788.89 
 714.6  3427985.87   603660.69  5326788.89 
 774.6  3427985.87   603660.69  5326788.89 
 834.6  3427985.87   603660.69  5326788.89 
 894.6  3427985.87   603660.69  5326788.89 
 954.6  3427985.87   603660.69  5326788.89 
1014.6  3427985.87   603660.69  5326788.89 
1074.6  3427985.87   603660.69  5326788.89 
1134.6  3427985.87   603660.69  5326788.89 
1195.8  3427985.87   603660.69  5326788.89 
1255.8  3427985.87   603660.69  5326788.89 
1315.8  3427985.87   603660.69  5326788.89 
1375.8  3427985.87   603660.69  5326788.89 
1435.8  3427985.87   603660.69  5326788.89 
1495.8  3427985.87   603660.69  5326788.89 
1555.8  3427985.87   603660.69  5326788.89 
1615.8  3427985.87   603660.69  5326788.89 
1675.8  3427985.87   603660.69  5326788.89 
1735.8  3427985.87   603660.69  5326788.89 
1797.6  3427985.87   603660.69  5326788.89 
1857.6  3427985.87   603660.69  5326788.89 
1917.6  3427985.87   603660.69  5326788.89 
1977.6  3427985.87   603660.69  5326788.89 
2037.6  3427985.87   603660.69  5326788.89 
2097.6  3427985.87   603660.69  5326788.89 
2157.6  3427985.87   603660.69  5326788.89 
2217.6  3427985.87   603660.69  5326788.89 
2278.8  3427985.87   603660.69  5326788.89 
2338.8  3427985.87   603660.69  5326788.89 
2400.0  3427985.87   603660.69  5326788.89 
2460.6  3427985.87   603660.69  5326788.89 
2520.6  3427985.87   603660.69  5326788.89 
2580.6  3427985.87   603660.69  5326788.89 
2640.6  3427985.87   603660.69  5326788.89 
2700.6  3427985.87   603660.69  5326788.89 
2760.6  3427985.87   603660.69  5326788.89 
2820.6  3427985.87   603660.69  5326788.89 
2881.8  3427985.87   603660.69  5326788.89 
2941.8  3427985.87   603660.69  5326788.89 
3001.8  3427985.87   603660.69  5326788.89 
3061.8  3427985.87   603660.69  5326788.89 
3121.8  3427985.87   603660.69  5326788.89 
3181.8  3427985.87   603660.69  5326788.89 
3241.8  3427985.87   603660.69  5326788.89 
3303.0  3427985.87   603660.69  5326788.89 
3363.0  3427985.87   603660.69  5326788.89 
3423.0  3427985.87   603660.69  5326788.89 
3483.0  3427985.87   603660.69  5326788.89 
3543.0  3427985.87   603660.69  5326788.89 
   3.0  3427985.87   603660.69  5326788.89 
